-98.88724824810606
-32.61980547719155
61.63385358070187
-85.76321134101137
23.623635182767018
52.55035482046429
-25.87893764080478
45.82597059515399
-39.05038767493316
43.481954037081096
73.2084899210023
44.215319819348906
11.410269592975311
35.93744199864847
-64.10153484128014
20.275518326175956
-98.03948272193468
-50.64933916399337
30.84256818478198
-90.61994869250172
85.67879728757052
-29.57075409941838
56.30384456987895
-21.693492796865428
-28.720884327117943
40.214297064964114
91.61567630212627
-99.4506382935767
-30.87433853432522
-79.50800706516759
-78.28638101294554
71.19285568445773
-35.01347798854495
-14.977644330782056
-0.8005187293360478
-54.811985599016324
-34.229027569615496
-53.12956560477362
-80.47031996568997
51.823069806388986
0.7524785220953447
55.19574110746967
2.302736703111009
-36.62801994173683
-92.71258797587971
73.17587290592067
-4.746454042003563
77.35085739610008
-18.20264418141852
-16.68927708629684
47.44493301982877
9.50769485546968
34.79058372405302
57.17387847854073
-65.72023085726879
88.61581377166596
-47.04381938402897
73.74823295745983
59.339766490723434
94.33696577057276
41.872055568712994
73.80298987439264
6.689829461905887
-14.134667497908822
-0.3740425817248365
97.33976819541567
-27.830240952051128
-68.24126798430683
-45.343694911070756
66.95559340169436
63.327763800324846
70.30908032003347
-9.622418359476853
-47.958919014079626
25.033218484785962
-95.0009943128583
-25.337161253819446
-22.94772664927602
21.438779851406295
71.03719721099398
-85.98650365857824
-78.3350082249402
84.8448307290243
-3.3398156791551514
60.254765086962294
-98.55913357003656
-71.84788206240526
-73.16644965919295
11.852448143665086
14.704492814857034
9.971087217264653
77.18104799624109
72.45502110056134
94.65148311369703
40.089401505834644
-57.58477182282651
-43.97749505108752
-84.7225029063168
-82.11815051071862
-3.7614095359813433
-39.08848540243448
-34.46128812713407
7.379699813619737
-11.370415904439895
-25.45632536678724
-71.77565697503601
70.09928830153319
-28.37695686562212
-84.20752998664913
78.34231539323807
-99.63737160591396
66.14002923625469
73.98126199791864
-49.61057155423667
-62.2746093995145
20.117278654091564
61.39318829980925
14.697594519558947
67.26063779997347
2.131852610461138
-39.54866852592458
-49.88181271065808
60.82936553214748
24.91184711080294
-82.76453192357602
3.62674542102026
61.1018117445758
99.56930845535848
-90.24057075339434
87.00060217922152
-35.023825879073755
84.08692248991719
-97.5590193396569
76.54239018706025
-75.8255780029486
8.535217543570269
87.45390100383503
53.89257806756228
48.17738117386659
34.69240199171344
9.159796972725616
-45.70540110174808
-31.70557147011985
-60.81565222105751
69.57494854786802
73.24640741828625
1.5456419602290623
96.95735387764677
20.835339569500633
-76.70740916812599
39.167266153154145
-14.158177725808116
-35.11920127573758
29.781537318813804
-23.065922643227935
33.160180133104944
-98.91296024979806
7.732401554481854
-96.8749251589507
-18.222237872205383
-10.667852721979898
71.52695693769658
-35.15828559187648
65.69060467897057
28.99189401686303
-5.038226403469139
44.520710514817125
-45.81050594793621
-6.383866624830077
61.2663754788789
95.86632198852979
48.83485490936977
6.546186425590221
-78.98653343571331
12.059694977759918
98.9224808959535
94.49115193822371
-89.58249542047727
28.985846826573834
38.81522328387973
14.088676901043414
73.33831739976432
-97.64853588172969
44.46133352674457
10.733701420252629
77.37668533758563
39.9497333855505
56.615244131241894
-60.53357778133795
17.769221311956244
18.961047744424306
24.722003999620597
-45.53148692889608
-37.63993188215722
73.06132541051045
88.12182885504566
-43.27545090362441
6.747356639511381
-4.757476225068302
30.176606396140755
-21.33673190101794
-19.227356562929614
69.63264604570554
16.115476979255888
80.10121017562875
-24.158180302223386
-80.76455577507393
56.841892244928204
-68.43091827431118
-52.86364855140828
-63.60720543341751
28.6399226153263
69.10892163405555
-14.405993718592455
48.90551163640501
22.66285223755446
18.888065009094902
51.60851319260664
-32.86878062284548
98.28243064631997
-89.51636609096181
15.717940148131106
-43.9892742564556
-29.177497554623244
24.449159822414757
-38.878127772733606
-19.142937896469434
-23.104057232645772
-47.21732085981234
68.68780319848014
-13.125710546489145
29.509250754387352
90.17355041327647
27.177434672618418
89.75590545012153
0.29442029812562964
19.41293935940236
-10.256080168853174
-21.654507557120667
47.67299560114694
6.110866303668544
32.321400752731364
60.22512411965124
47.45255857485847
75.87039244758645
60.34845167889088
17.22981823691285
76.30124990884866
11.32742183922592
-42.66255409641775
80.26908354664104
48.741128940349
76.97237541633532
72.12205967499804
81.46957502819797
-85.25343103354443
-43.572213874908016
-98.81443444413785
-3.464523357421399
87.72924681908714
69.86375332610919
38.292755382554134
51.35624096759639
-8.36356641107389
-71.50912051701292
-64.28124194844065
-65.72601183185658
-8.915230257936926
78.5782663439764
-50.311776131496224
29.055777990407023
99.89696415901872
89.20185887428107
-72.79121784478188
63.49863206499643
-48.89591046442972
-54.06371055395282
32.30284452510793
-45.271750548038426
-44.5783756607294
-73.03888193619647
6.71227404954513
-75.36512463341636
-24.597449149181443
-41.43968249918526
13.470678709723714
-42.47715784641131
-1.0838038226740565
-26.24850341393261
21.30839918150062
-23.067062766171276
8.296818363196849
-69.21070450041677
-46.324359825291396
-70.27030491160534
-89.5487237097079
87.54511716595493
-51.760618036925266
82.92842590899704
18.410324980220054
73.27320948821162
51.030172292668055
62.36967870116297
-43.74644750044243
51.030976947980975
-96.01490981699716
92.23159037489603
-2.966848300794524
22.02903859484364
75.45356311223017
-69.49656986572671
-62.73291771045655
87.44462128909828
30.302961999323372
-62.073565550685814
61.767541489170696
53.73941069216281
-60.418713675439896
-33.459144690832574
-40.984151146900146
-55.71891939654332
-10.735489516439372
-91.1390552301109
-90.00968709861989
-36.92480231059039
-36.56350529455155
9.83240778561128
92.29884142899292
45.672412425126254
49.319665274230374
11.109699770816107
-83.33658398383339
-72.17674856833142
39.89500791958747
70.82331203491253
44.24890142152299
64.21097702313162
-5.579806238969525
-18.10994998817226
21.023874078714215
-62.39942270357686
-42.02500871267336
98.05205448038865
9.286582497836292
-87.00017401228936
-61.76654907339798
-30.786787043222844
-3.315624216830088
11.93622544104042
-9.017411575632963
-13.725649825620081
-80.49971149528845
8.711351493654092
-24.522289301963724
-59.44856171041486
-50.32421907072025
83.50203138829451
-93.45523753078515
-86.0061496494267
-36.01606706996372
-93.5644973560497
52.4103473065218
-66.19743846709032
-61.03726860477185
72.27360362276372
5.560601358272763
-51.31914912500368
96.66334947808332
57.09879855597703
88.50006735324337
-86.16683684794111
63.963688265403476
-73.59731756536996
47.102346333738154
-92.03978829984993
-97.85726228306291
88.23539839986546
31.314489392133112
47.88159577520963
13.606603448046627
55.58222447034876
-33.702682812200194
-84.95022732238525
39.10239571892262
58.89145060069808
-23.345664197421215
63.10210416303323
-78.54851447325524
32.685356598225695
-57.77788289205959
-63.26945115071319
-69.22107618539377
-10.555963451538958
-64.03461971927064
-0.46865324760952376
21.4111173545585
89.45956993964768
22.84025337393352
42.12984901154914
22.059248238769058
17.115863972188166
83.05958112539145
-78.24150874686697
48.60113894114534
-17.942718717273593
-35.9855311455092
-29.401323331543793
-27.28037356281952
-22.03295530627365
-37.823565131319015
2.580197593021609
-20.149176822874736
52.184107397127036
-10.374958746445358
46.96460038160291
6.340951520133828
66.14515513092718
-10.58399424060272
41.92170688339826
-41.59428824754858
-40.353962418629564
29.82528097919794
-67.55862932362805
84.43155190424247
71.17487701279131
29.57473270450882
-65.69471139413845
97.35339261943204
12.07683058987108
44.46549799617196
-50.5234683930101
25.288781276716875
-55.9316146160681
80.41533953661627
48.14731684664676
-93.69630188412432
67.62675719600597
88.71664916355417
-31.181750994209608
-62.869397625798754
93.03785437657385
-53.597935048277144
-69.8348124541755
-64.14547089691607
36.394108415792374
27.92497367143983
97.08264077201716
-14.97152389833252
59.59119567339087
33.93249477181024
-1.8246240997745815
84.37457082311829
56.380559356031455
58.728820627549055
53.10285953777188
-38.82725988806419
75.79241355044155
50.09719648527246
-64.43618242500031
61.63416394459409
69.75175059696627
43.468936174557484
-28.658877830643533
-21.998239940886563
53.46769291362361
36.99846703191264
-49.290043923915114
-46.184422870081264
-24.81573500983704
-85.07656047900348
20.645039259626643
53.72611364244267
6.138605708022908
23.659395275671443
-85.35440029464378
84.43389243916303
-17.919681431704234
58.39879847989877
76.62936307368452
9.779044460249978
-45.53642851491397
27.554494997494558
40.22993790131392
15.699819938940323
42.43133301673183
28.20797280327352
-64.03547054473128
-50.275585501950594
15.968881511071274
-12.206793290942983
16.121888699287126
-15.144360579563028
86.1117128739451
5.567028456007492
10.8531583497697
39.15345634548433
29.85052501971873
61.987442163364534
-41.16893100051902
-79.98446059863038
35.384050044951294
54.9414581725012
91.97580649484195
-43.89849222743833
-82.37192218123748
-31.165513745772984
-3.8713646272318556
30.041603470076666
24.396987897710233
85.87346822626822
18.18719802930184
31.516064032533308
30.431860560787243
-91.55353852693698
-54.900774002209495
12.98668583431322
99.45700477959048
77.32144738429866
-58.755798760691476
-50.692697790327614
-16.295317977651507
42.45765620398521
-1.88470830759222
-22.36456641646258
-74.1445807406999
-28.45707284975407
-76.15321237667024
-74.4876063922103
-69.90062678825728
-34.05910628658066
-19.985014461702306
22.674710938302667
77.03175325174047
94.55221797579921
59.273245965238516
-63.8951446447144
71.35335165342477
53.164259506484086
-10.235013021404683
68.02466064380178
-68.14515973219382
10.184020113488359
-49.109152636093654
12.980139503409504
59.92151256654154
9.219413080216327
89.88938369377692
-17.138349669403127
55.802789614613346
-35.205754055651965
39.823286062704256
77.64875996735387
-8.851333085929653
9.552707868553227
-43.05405607769182
-95.13561480681891
-8.176801741471792
-70.37073248293203
-80.94389456167795
32.168183899061404
-63.237246995426965
59.43042438531097
56.33099640857776
95.21440053673467
36.65472862705877
97.89491404890822
22.261322233607657
76.84475058846897
20.470141460834128
55.36931800832855
-45.30584919314404
-76.11780084855555
28.391388927684773
-56.4435981674325
-74.37739408466686
74.23683405125485
86.43420808333033
80.56373425695304
33.24418450227637
29.73029027811711
21.070754959094742
-1.0995248943164881
-49.057876576422956
28.990576474805067
61.41847803152214
-83.65940715618503
-84.7727562590387
-50.03562424705492
-27.932674548358506
-42.10900453854993
8.310431525603846
3.0393207636147963
-38.62444987641476
1.6734233176115794
-29.141319440059604
-36.53610311821191
18.07233782933615
-37.65073717262191
66.62057323452927
35.698127470369656
-56.73690575323962
-77.21325983319763
-87.01027145671985
-57.47670656992578
-34.55874717853074
-22.00973464244973
90.20767258880176
88.18452074519931
52.8681232283582
-35.11798976360747
-53.20965663457855
57.535079500206336
70.6901528597925
17.346154676441316
-70.10472485012802
82.09678749458811
-30.579145488660302
-91.98355480658877
-13.2706559070823
29.146127915712754
36.922332724807006
16.60817809232438
-93.27033556091251
-48.61900922628806
97.77932573160575
99.16586146244825
-95.86678154152581
72.4183051369316
1.9662990648859733
23.418291202645932
76.68341508222954
77.31807375775054
8.96610487289054
82.50290742208159
18.604753410454308
-72.47523064868693
-55.993541258106674
2.6417793669372145
14.60945609609638
-73.93782491719088
79.83826654697302
-80.07817571236356
96.5828198790833
21.513188502070093
-19.512270981696716
17.152032493490154
5.726849951254181
-41.73851131136903
32.671925901268764
-16.158904394594487
-29.675528427601165
55.66702847560478
86.07532420750917
-9.341196894517594
-17.08044362498886
-69.7070903468592
-74.55738355954188
54.31513241226111
-59.40930878647299
-37.00367532636617
5.450965213370807
-90.38882591083458
-1.8705285346455582
-43.3583513507279
-6.417362138676495
2.4863057724214315
-23.683003813601843
30.389032056143662
-13.273240869891453
-28.793530767747313
66.12489634096531
-47.04282278647558
-6.003216132910325
-7.591432377382446
-25.44984495490634
29.95431472703399
11.258032581496053
34.53640001034785
68.92580487420531
-70.6833507961996
-47.88244033083737
-16.72610137826713
-6.067738873391022
54.08894316427123
45.636286994305664
-18.098385325676446
59.16705728160889
53.22710252143983
62.78125890942553
-35.92715967256078
25.013407271644212
-1.2018979481188694
91.64365336227434
47.32601611218138
-49.319131975985385
51.89768929301337
-54.293976877967374
2.7203548662504033
-89.32572803180017
89.80185579175654
59.949950620550055
19.30199814702604
34.57976568795269
-26.686831448665103
-93.64672418039905
41.6782619689354
79.93976108480888
95.95849269622306
-56.66627928346111
74.79789372899438
9.12127134403569
-24.36007399746734
-97.04636206853598
22.10553081038384
8.465043820389994
-75.46398866938382
15.208393670944858
51.558905382178125
61.63560010919451
64.4957444878257
-29.52130865308689
-31.432372647966147
-31.024788025828684
-57.13699274028483
29.23495422480576
15.732696625439743
-9.20243378509285
-52.38538494118068
-97.66021777229146
-83.66379792346501
84.93976258187001
20.890210256242312
45.80217842969887
31.850984763617703
7.523994818146477
26.43780780461769
40.59511312361397
13.310367986588929
-49.236770120874354
-60.806101067165265
-38.844112227157865
92.19832717906579
-97.22214188990309
-5.837535962638427
75.44638857092556
-21.40918647549499
-68.22681995058267
56.95248904929633
64.95833836809567
12.599335721778544
-79.43956551098132
-40.221048673769275
4.806285559490831
-50.26202802779296
-92.71320810054966
-15.572523737062042
2.0590393226299426
-48.34434413068962
-75.62734678198781
67.62825639756375
54.71793457203461
0.7455411620606753
70.03731887562873
54.48006980694856
-35.7417585100974
60.46383945649666
95.42697250789391
32.01062311846471
11.407734735351525
62.760603370463826
45.241671955877166
37.65466657216652
-12.155628652798782
19.845475958390125
50.89096685698132
56.37672399259432
65.75270517845922
29.581527465860347
42.59035475543516
-4.6394725908318435
82.68662289618766
72.12075135955638
-79.55607758583454
56.63261261864977
-79.0563589970245
79.96502090229325
4.440997831467584
15.682803635926732
-31.33601916541535
4.456717636755215
-30.572331648865926
-41.910339396387286
-35.8746897665152
98.77343763423539
-36.50320643942766
26.35422937435885
45.21192813057621
-9.178458274068646
6.872869994433458
85.59080535742362
-47.20502345556636
-71.00626810444446
73.25101449903576
-70.58129630306607
69.76805611376585
49.57592014299388
66.68209962008268
-83.6557071103478
-83.25956206227869
36.65921309218973
24.478894248175138
-47.881988848561875
70.89788236832811
-76.26701375616369
-99.74913255193863
-85.00381905993824
26.298897459964124
20.7053829728997
11.05814761193389
-41.467046181099576
71.88206026952679
40.9179156645865
68.80790936787528
20.472898322345756
27.717863584179554
49.79111612593195
58.399324132450715
-83.48988781966634
50.54630780097756
60.05848689208017
73.75594224472641
4.125037896083256
96.39936803266264
-41.883587188104784
-22.23270585749046
-35.59450546374674
11.115199260692378
-38.16216322178132
13.294178867144126
-31.29631648345965
8.808718037310427
-17.732007368748754
59.775083772333346
-27.823643670380434
93.87119964734825
89.94068731971376
-96.39618810451213
-92.29949350810726
-16.170939616645867
-28.876043453380504
70.3313476188163
-58.64760601813015
98.40008682493354
0.12428202676390754
52.87775142159694
94.58288570389641
-5.657009375967917
-49.15120083066367
-37.67732981731735
38.4175811816412
46.2040533403632
24.145276909727258
-73.52414618879519
-78.54471456853386
-0.17753157911452888
-22.990014580575703
-33.68799584682314
-93.86607176822766
58.46372984976455
-94.42618304324624
-8.513140615832612
56.67816142446566
0.7082798477910046
55.84737793875999
-26.465520140859184
-52.661670423826855
74.73041755767548
-85.47388981333188
78.97835558027754
40.97563671775001
65.36030612329634
-33.27327510375184
-25.528202891465554
-74.25612005006994
-11.670301390832051
98.34666607507248
52.21595485350892
91.56319240078977
-69.640173801673
67.80849605490658
-33.71349324905411
78.27676317947544
24.25774909204135
-24.728473170762328
19.13297265002265
-66.17336877580524
24.945146936501402
16.963290150714187
-7.602608304968655
-16.51990443369516
35.3515787233944
28.103683641726604
-22.668165054084582
-69.91644223164835
20.361757021684895
-10.034908977685689
27.477220442759602
80.51586215374112
42.51444588179888
4.931948283788884
29.898475368068432
24.958631565375853
54.90829385967015
27.993591071077347
71.15411416484042
-16.7037094426733
-5.222320490035969
83.92456008532253
-39.68902329395026
76.90385031063784
35.45958368360826
-3.523165841359585
63.697757165844166
-15.724156128290304
-25.019797257285376
9.228707765357669
4.723703427384223
-4.604935579232134
66.24792641090494
87.30548145804713
86.97175881861679
-7.564889720619533
-73.15302958633771
-44.992704666309756
-90.09184830806223
-46.663940949446655
-94.31600576031789
46.44986742898644
-36.06667023872707
-0.012147169489367116
29.24757208202533
-75.35585804156602
15.131824572490785
-5.798620506341166
1.9984752993846655
-40.988834175469215
19.961620669505848
22.342432944257922
93.41628276843412
-57.85109819324974
-53.743717018675
3.449172004589826
-91.51417014648382
73.73786419231118
19.295890867845472
-94.15110654746921
8.914772808042542
-57.20706899357213
-39.664220152320674
63.73531580461048
-70.86872602219367
-0.9611585544447223
-60.13520600215729
47.86292516738885
-85.88124546056612
-79.99263163593753
28.997534168582916
63.46005721427517
95.40237758330315
52.52427229890017
99.7880478445908
-76.34200465750718
17.009784688222254
-64.42532364098277
-1.1149490121949839
78.1783993235425
24.986420019899086
-3.894396029425849
-1.16830343659214
-35.28315140126561
42.05352847604436
50.1448807367083
17.445670585300206
94.40556394037614
63.254837975720335
38.68586917899401
88.0982368784397
-17.066330884726824
-71.05434784022171
81.10776267097728
62.343599449927666
95.34866448985991
-41.764071720602814
38.47159126618547
-68.76712539046451
-14.741874913076458
59.00669920551633
-55.14772092800308
62.779670392817195
-21.904079984223685
-30.12287309039985
86.93750822316991
70.42712796485938
73.31257083807336
-64.9929234310068
-9.555587144591456
-49.000881353169575
21.79466667584957
-35.62189420498565
-93.52460619853301
-39.498954554293356
-27.48636793557357
90.2035167178093
-18.245233997959858
32.26856319496167
76.34933147971336
94.37586416787266
-56.24181986588557
-15.65469900541359
-14.77056083806292
52.36820594214379
35.06705997100076
-88.39649151466651
91.17072747881608
-84.23680536498061
90.85070028348994
13.004382078976562
12.503765406667512
38.591823889891515
69.19888460770608
65.52755428551455
53.507848568369155
41.92163069416773
16.098244708523524
23.682158673786248
-61.12171720912774
-93.35824509162438
-24.834102637465733
-2.8553935179263874
55.893420292538906
86.15025138897406
-63.17580804594336
-61.04894967495238
-75.15575854712777
-61.3432436382942
-37.579291836577575
-37.19465636667751
62.234499551928764
93.07149006372765
-84.13201048867708
-99.55391925201135
1.4547929566031286
82.95927745070836
-11.302248404117933
-91.35085285545719
-7.920687450672958
-90.20472030208875
13.994704919171625
40.32501181003428
11.629166500853387
-70.23330268677964
30.495332559913066
-94.69722777460838
-7.40835377549152
-2.377266064504397
80.20740070326718
63.7758627431657
-7.319952045821765
-53.41722721077744
1.226154507874469
19.01702263307652
17.76397208325244
35.07062327353333
11.993614317646205
5.853052629783903
-55.40468135855885
-50.949535209177284
-25.932443334073497
7.522645266234846
84.40061618124949
-87.00209040009183
-32.46283460657267
-24.076633791736768
-21.394563277255727
33.047485815628534
16.542678446019977
78.88672996484968
24.40219440119445
-27.3844118860074
61.926513344526626
-46.99691613964638
90.56773282963943
43.80575989526341
-6.1361286716381755
1.6508410119489696
2.8825597285127174
-12.838937432833347
-70.60901550727887
-54.73256440651861
53.69883276392454
-92.16398914230577
-51.93046977226625
-95.46787454071335
-78.35048208307948
38.01834010985354
-16.403927609595485
77.01367964697238
-24.81351362550302
3.4388713608006327
-90.0143398467553
-46.031326053416755
77.58057762077516
86.06526125121286
58.02906046791924
16.359065373027562
-88.78796521092112
-4.416430866570337
51.043387427796205
-52.20961639312725
95.42494817204943
89.02904078733357
-41.49377120166222
6.954866282533104
-15.085233195920765
10.935617154036706
-68.01633279815059
-86.70350111024536
4.563085351556069
-34.36865734535198
-90.16710142307358
16.997821882689863
-98.17056017722503
78.81462231768478
55.48048146439041
48.02123039682456
-20.745035940413928
-42.695795202454725
-71.35244028311412
-31.17983921450093
7.3281729317094175
13.863548424419989
-20.28629671023876
-8.53146035576799
-88.09156961034894
-11.742065811108432
4.481318767325604
62.339506461186005
80.59799197583763
-33.78933722126369
99.9229438749953
66.0974376925746
38.898759856428796
74.68237600928796
21.063949807968797
55.64987834873395
-90.31472256431512
-85.09461846625813
54.9736132406201
-24.160972879891872
88.47077279148664
83.86269947551526
-0.09225470659022506
16.035067345868242
-57.86165718701617
30.40931608543002
-34.03360358937451
-99.5734734989943
70.25472753519716
-6.009013395178769
98.20048377409165
-95.3143613762021
-44.220577359737504
81.9237192593894
-36.07850931649861
-26.1804707836135
75.92718895646007
55.45486922351415
43.038709976709214
8.400767773364961
-55.86270664949951
-84.66536193429461
-86.43123144285995
-14.996238908178029
-89.45178041148426
-95.61550694406363
-65.96740500262601
81.55620048081198
61.07179271128058
77.55696729403829
90.27513890381712
-10.552436642934367
24.106050679328376
-70.7610217936406
-3.686354894064479
-88.38040312588609
-80.87851956893772
-86.94130268641429
17.140406558613506
-30.503624147472763
62.800537231457156
41.21376066811965
-84.0235311997328
71.49446580146648
-13.894292867879017
-91.65343921927263
-80.70721182144933
-68.01355153164627
9.59664224674421
49.249896255684405
39.98590488158197
71.97395763345764
74.51229704487639
-89.80560304896612
-97.58459013222395
81.35905425052118
-66.42083366611335
90.42672202478073
-27.419298181923764
-22.414206133795986
-31.797821326621374
93.39539508506999
12.535038303386244
-43.443587211708845
17.64002898898292
16.519059394288476
-49.79495330238131
-0.8904500370851451
80.96208385005767
3.819552035951503
-15.89579454566443
69.98064649126738
-15.97071954578304
87.50021247399914
26.999180230382947
26.047535438494535
91.43672840565819
52.55752785982787
-66.59189471211221
36.79693515703849
87.30117281651286
-27.227984152600527
-47.119667972853094
-87.66943935966374
-51.02844536066933
86.9321972843469
-95.67260277591537
32.862169085901314
94.18647372167143
-89.0968340579287
76.24525284729282
-21.46018514159185
94.89743838398797
-85.84087591035907
23.488254499553605
69.56036002096576
-80.07768886731361
-71.34284568813936
53.32554078932867
43.92607518232663
-6.21151593473482
-96.5628197590313
71.830847335425
23.826010332355878
40.570775721118906
70.09094606632368
-3.772882905881403
-48.49241452253983
-80.77574458510355
42.25065454672611
-70.3724679845443
11.636748897639862
50.85756484988019
36.50573518264741
-58.31503938320785
-0.4722600388612932
-11.41237068816119
72.6639639024828
1.9820207057478854
-56.74357633360889
-12.938124635209334
88.03101381286902
-27.435523990970438
-57.44608477863942
91.42954739626742
-16.609650852338717
-18.15928181445807
-51.49002126747746
84.4888187224532
-92.37685721967266
-25.859325296849264
75.49867009569115
5.931917004765268
-16.584294151581872
-42.45243262430347
10.371256728463933
89.05562378633729
-21.74020700149444
57.18643794146013
-36.15547834782229
47.99991073985754
-67.04112012071994
-78.02645337903172
-4.854896461342989
92.52282482268953
74.11138391143754
-70.09889200249904
33.353631428916515
47.51488791000767
57.54958854790715
-9.747834916947966
-82.47508236344603
-89.09822993637464
-83.52916942569203
-49.289333598141695
82.54356696072875
96.27923632705702
21.00532246750977
83.1521513545581
-71.19304601263147
75.56959323471997
95.22286405421815
43.97076171044114
31.210450397839594
-37.81564975335516
83.08837849047933
83.11859969450151
-33.45738726238356
-43.377018075661496
6.634145872664561
-89.39621844710965
68.280708418849
-85.86700027477735
-82.37565238467982
-79.9861907713858
53.90997942032746
-11.998017950429514
8.245394976101593
15.701280672874574
12.272680108592326
-47.752661528361415
-83.13674264572498
93.58911478772646
87.08582752545533
13.915045636138117
41.64688951716741
85.12299695082382
-52.350629981131206
87.89383079887958
57.86466416152521
-10.281122327696906
-1.1006215234252323
26.096601400279724
23.918444213771124
93.12369410517269
50.34351516578505
-31.943719321046004
56.68789093900912
-2.5720187900202234
37.04904625466909
11.428404523808638
-41.48476698079981
-26.960947368149306
-34.26369466424384
-11.41168943827222
-13.8312783889819
83.74400684476649
-54.83657554280579
79.45590785744682
-33.619345272005404
-66.93803460273531
-47.62904921411486
90.87643272756156
-16.936247745038614
-66.59464037115907
84.98774154310706
89.33087667096237
88.06748459087606
-90.85967019559149
54.68236667530576
86.44504444328479
-79.65633541414078
10.456624653843221
-12.022914734588895
45.71157114159652
-42.351402519669556
-62.97224893812625
18.02421450680967
4.03455972681131
-29.583299741889604
-51.237631841701315
74.57759074946898
-16.848348355915604
99.19848034815703
75.51827082713808
-90.72543455500637
3.6839419347076188
35.06351684547491
-71.52936644435879
-70.5231291331074
-91.49087939705795
46.626791204376815
-37.10355514317778
56.30141833966803
52.34886934952766
67.86477697850708
-54.54257490438144
-28.895043621048927
20.9065468674073
-62.35477144758666
-61.365977483909084
-30.430652248424963
5.586802451573504
-35.09737681182612
-69.21663169120893
3.6669425429199975
78.77378653192696
82.64894615819611
-87.63557189974907
-40.83151648328152
-10.15980749752346
-50.48268010056343
-72.80615856297877
-10.011365012713497
33.5044893759455
59.29377857821646
12.166340034089316
10.547146320186826
29.849098635142724
26.90037158572231
-20.306177866037828
33.45645562422689
99.25762123716484
-66.44950406709158
94.18761409560409
-67.77069643713239
-84.27558119521498
-65.69474899343149
47.22866168205573
7.332804547723114
78.43526019959205
58.017375702126515
45.64074689189107
38.79816850181862
-45.78694903058078
62.65712253528844
92.5021070059704
-80.27182406136156
12.367895420428425
-51.72766761916536
63.20122259138651
82.42715612152631
98.6861734632688
75.34266618673436
-43.03726048437768
-47.488732861514315
76.73850882885839
-11.954177263679867
-61.16009215220921
-3.760563239569592
2.3819236785514732
-0.0385962567151239
77.99015850929018
-37.561676221088106
91.27667895160477
-36.004165439726975
35.120791726273495
62.77737694586659
-10.566262965216211
18.819643019944493
-44.68791735968429
82.78294075712353
63.25395580587036
80.86613642390921
81.99530560274178
-29.13692581086393
-11.784426802988278
33.948371631225115
-76.31629835175141
-86.25232331678299
34.31173866395133
-42.1908813187811
-22.87552932705843
74.13126774327327
-78.46473977033479
-67.57367194059341
38.860441427115006
39.938565989072174
-49.847063077418575
-43.345586340667516
21.760136354379057
14.515854426961923
98.20728050499244
-72.21050354977359
-66.10452685844746
63.18393847883701
-77.3713526285917
42.9045582258596
74.2165348660904
-76.02873083457075
0.536161997546202
3.3082603861773947
-47.206851164999875
-11.021308394577204
-96.24889127784833
30.23898054950905
-47.03655641854652
67.70998766397463
-87.75821164713436
-67.08648578247332
-81.45032513082424
54.83531945479342
41.164156262031355
-90.69247492998697
71.3721551070953
42.2373736120598
81.35783159496083
5.55291802740318
-57.38779585108475
-61.177092202539555
34.60246282498932
11.59477514192244
-63.85446076749128
91.4651621062873
-37.365392550301934
28.758617162809173
-67.2123161964213
-63.424593360450544
62.87079937510646
9.136421640966702
-8.536560083200754
-45.8152117208507
-66.02245328211896
37.20758111546388
-93.36738605287678
-54.94966848168043
-99.12544479786138
0.8689653097511751
-59.12535473642417
-93.81816356940374
-68.54741583475838
-17.944077082529745
67.35502885607531
-58.68073989120148
96.23278529624307
-13.606077844668292
-71.03330101761931
-89.72714111755715
97.3896658137158
-73.17163871370641
49.25996496597779
94.6713036986217
-74.99497658829577
77.93785990857424
14.8447927777882
37.545784718363905
-13.884307507503706
-74.355862489789
-10.230414535486503
-99.68921848306229
96.06310603498792
51.289487011903645
19.450973891896624
-26.914771275741046
-78.15194566036263
9.560559739533488
-64.95070706289394
-27.069580964498982
23.639300901228893
86.49502528780093
78.75496833610438
69.46387449813841
-46.71989161462597
-43.18447011187334
-63.72894502250412
-11.558718163463652
-62.418099662137074
-0.9068630715135697
84.84780486406225
61.281255455354824
99.38976731897657
-27.249784620280735
43.54515053945431
-87.85930685019419
-49.15035986526699
-87.32932578795017
46.969529790880216
4.0311211093777075
31.00250239647039
55.193127066210366
54.551664760146565
-98.40062503433022
53.77608484787157
-26.479559370921407
54.50226774593841
50.578681061496326
-17.360019254893672
71.08693691581738
-75.09707039950749
-77.45090192052513
54.63533278570756
-41.817695159264275
-26.040160511773763
-71.47102780582188
-60.8143972309916
20.139143316316094
-2.7318558442786696
-33.947941377680706
-63.95979308312538
74.64879505757679
62.0052440256234
31.7675506043837
-8.101823696838224
11.277978685975668
56.2914897006425
5.233253022483055
-53.295779126624375
-91.98342364518106
-73.47282108585624
89.45485062911362
8.305000670748
-72.3053074305868
66.33492414899641
79.85707640315377
-1.9014168541719556
-88.63508979885498
-82.1930537883087
25.755363325656305
10.505568978784368
6.253552756907638
99.0769605605951
-52.97058214914734
-14.464565232770482
92.64245848362035
81.80688368967816
73.58294546637342
-93.58280094002247
7.050731877067733
7.998609905267841
-13.693485186906813
-96.79134936280653
-1.656395678505035
57.61168814856353
55.64349932734342
68.4937850044704
98.9034145508131
56.78784487138586
97.49172830096902
72.7233774313529
-55.244400202594576
-48.94624297038146
-3.9437476256868536
-95.55106054374214
36.5502672245897
-41.30630808770868
-20.598345362836426
54.645600994978395
97.55777101327689
66.55392559978827
75.83489649678717
14.514809515033306
55.344663885306744
33.8613515317725
27.882650488458864
62.60298918119892
50.55397586049847
29.208718451376086
-4.490134932463036
-20.23226043930633
-40.77822747798609
41.679491254813115
-58.640900993614565
-50.531758061889676
4.319677532007489
79.15550898469837
58.172943403367015
76.0521428174194
-72.27915363702648
95.17099058535189
-27.805272236678775
85.15622887783096
95.54476211063027
-29.753304815378215
-63.77448674383912
58.033702820493005
17.84393055139128
-85.54159094284938
12.148087260612073
95.56611483935063
77.853452830502
-44.935763814700366
-64.88834477774901
7.913259152191856
-13.467747707461726
-73.66459249432486
-49.796432248753256
82.19980881252903
4.8824806383517085
-11.694221366574922
17.31736350553568
93.33258354653765
-90.45846357203425
-33.0246376253515
-8.940866810882937
-8.012136280600117
16.398850240430377
-69.42640037485592
99.91710437296743
-70.99672295039966
-77.50250490196342
-5.191538700290593
72.55204722938356
56.854214574200654
-21.76162532708723
-15.40236752015116
-11.050960206938527
86.59008821245473
59.9127289781261
70.59849445086186
-29.69614795163605
72.55086612700771
-23.153731592280693
45.923833418433475
-36.09994032080239
-52.620127427325784
17.946334943315804
-88.24941929768364
-72.13419214776049
-63.70607205679111
-80.7989489922571
-99.90087290297399
75.5819486987127
-57.732570673532905
-83.31258854666646
-22.118848110114413
-99.3539089041006
-87.26791432804836
-61.09700975133414
48.384175652733745
70.67992494687238
73.58949654210073
-12.256241997320842
94.68134034721956
-48.10002432750444
-52.22107417269157
-40.79164092690593
-5.974750554449358
-93.74521743059638
63.338136346370476
-37.08302666126575
73.10509745139134
-10.935742157874714
-0.15979865481847355
13.790715922683816
71.11640391982937
67.47989202395428
-77.71522495651809
-10.25471693453332
30.913288206898585
78.71715065032993
7.967432887946899
-23.989473972644333
-51.916739859024005
-48.105666722471256
-15.45388679317503
-50.30477764062704
-26.395043021743447
28.444936917033203
-33.5310266070056
-2.5256980951674564
-12.180399118650115
33.453360495969065
-97.87678906385548
-95.21644939113042
41.767070495010046
-26.10338898304363
25.509896564493715
6.66455233739012
96.50807236044702
-30.342474323404886
-56.05505903115571
48.41057287760822
81.87395559108089
-40.69225660216329
-12.7681408437154
68.42178811451424
-56.8438158581605
65.04160762600921
-6.052892612652556
-13.813869736015462
47.5677243912329
-50.22516766984273
16.924257512085816
55.05982761475369
81.87892560415563
-45.69528603268651
92.71843900252841
22.529521974166883
-11.549144767259719
-36.43857697168515
38.777895266146686
-70.1043539548852
-41.040812981775176
18.36269810839721
17.244744724326424
-21.175395210363178
33.42228909026585
62.71717370031459
-64.24757544399293
-6.024966236971991
36.717275335465786
96.60422160263963
43.282462351297255
-81.08868066447687
25.588187440293225
-9.708796199785326
-76.9111999977687
96.77529408818756
-83.779226185597
-91.36834401225047
84.8928299756846
7.694887340604822
-84.2213438011766
92.42088168866803
-85.00198176240514
61.666265400804434
-9.134055306693185
48.768123241648595
55.66797551076107
-21.346069214618723
71.70170832854976
13.577403367061564
-45.94264905184933
26.9108577004382
12.86201791315709
66.61187043123573
-53.81985093332822
-63.97121455870918
-90.23437479204148
-96.75069094021286
22.845378481324886
52.986425674850466
4.649518905326701
-3.0807059157829997
-37.81466741323041
67.47122542480545
-93.39889292225834
-77.65471814043585
7.347006651494652
-2.9918300568372587
-2.7160588047181307
-47.902221432600236
-81.88747551363531
92.93684891774129
97.31426983895764
87.59740054232202
31.65979913017179
-94.96414873014236
-72.18399524645406
40.58970125453851
-69.63013036911528
-74.39857338586913
17.50197537587441
-57.75384648634072
33.532773778574295
23.045043686576875
77.6997566713923
-75.57123868344948
-95.00100352963877
70.58240195023646
96.06050946456261
-8.711582714173602
-99.73097935831639
-22.655793152092784
84.25972976053882
-20.750055315946383
-35.791320486825924
-62.75318065392379
-44.18096963481957
89.56971389782933
-65.47668470645638
-74.78121879363422
7.248438006051487
70.03433118887594
6.319226208873175
90.88691272840967
-70.97104733925434
21.001907464233497
69.5259883953511
-73.41638833525037
-17.474514433509995
5.870043023445135
43.648678110802365
-80.45532920331007
-55.2594521206941
-42.8123263632249
-96.73566010496431
37.42491074164195
44.88945351156224
-12.989472886338291
12.872217937764646
41.76652338507799
-4.902012442937419
-66.2670516420414
71.15281849674292
75.81302667510462
-47.90606513136393
7.51148097497672
2.385927539749673
31.06946687214227
37.584105809011504
-67.47139822610325
-73.27679434491294
61.267240911394
92.07882405384606
26.727601236233596
91.20621835150519
82.89989369074488
40.24611749546884
8.282619681493642
-50.1339231233487
-21.74609936313425
5.448262551582701
-27.04950728679954
43.93615831512801
99.86631722986755
-73.06646820185793
-52.41598397451435
-47.84520998558519
-35.40092943323039
-94.77362774992449
92.46890976577217
-43.67008596255684
-78.97272344761214
29.579546467946386
-1.2202724719974753
-1.2167579548541596
75.59702604037744
25.92207249861312
7.332615666704285
-4.013385880265744
71.0156882164813
-95.44288363537319
60.945757179530005
16.64862166369825
24.595737363475138
83.9342598156075
95.10110473154788
32.704856895941646
54.78082978687968
20.14101582305743
-29.766207658036762
-91.8895278000589
-49.15928933897138
-18.671462465431077
53.8584595266027
3.029083580272342
73.72931918120875
72.10707803546433
-28.125422396323117
39.95723705796169
-84.64165140790034
-64.98322121245315
-34.22446424950705
-96.48085712164882
89.04618950101735
-65.50009732776175
-83.88073633304715
27.11158877222688
75.66013211482903
63.37080101018691
22.500781378854214
-42.72578707143979
7.977451804926943
-97.39972099442349
-33.599998023120946
-19.394204163270444
-59.95118205399912
-87.69866148958869
-74.33908305959335
-51.757636585671385
18.85529464734566
-64.87645427683807
57.991016802872394
39.35831962332858
-47.69200984409123
52.83362853777572
25.752734340070703
-32.15293472494881
-49.35275123481724
52.68018685018333
-4.548571047711604
55.28296856099857
-92.44389757149109
-67.78921899576716
-87.29275741248321
68.46176545350906
-17.189532773876152
99.5298417535376
-72.86893866284608
-48.73819959791814
