10.393489408050115
-17.520517693276283
-20.969290442917647
31.918196577572168
-14.842613927578789
10.361159793215378
21.270130576236305
24.837583593136664
-4.22827482740405
-10.092786647784912
-11.536826957121711
5.355546295206999
-5.324935342095671
27.63972554519499
16.940711397012173
-29.802828360072418
9.89311135766551
27.205861255106328
1.7574303921823926
-1.5716855080032772
29.973081938024528
-4.556465686543426
9.677003025391315
4.9346205965655585
29.57485417392352
30.817237425683196
-31.31777812198908
8.927946819862441
-0.9041182060141963
-10.195856778756685
-25.08170510978291
-26.15847482269077
-2.730689661643538
24.87303175525399
2.540020664148045
2.037685604442416
-12.76274817081434
19.761134222307057
-15.503970527508443
20.814453913274342
16.16366771344753
-2.183538087226374
24.845801023900016
-12.740112641081076
20.013824950244505
-0.7642863166917522
1.7676628738304814
28.56544431577567
-21.310236523872483
25.090317614839456
8.97846945505826
5.4722270280807095
0.2737342376517091
-17.90428813371605
25.848166758262586
-4.413570100066259
16.69407163420616
-27.858582826967897
-24.945052585382342
-27.637181037616294
-1.3095750904504158
2.661996396506545
1.189191504543878
24.617561953479154
-22.482160505680547
-16.00852807351589
-7.723089152321762
-19.505751379432574
6.39161406915489
31.906281614547545
12.7558839416956
20.869432089450143
-13.76261083652873
-24.375650362393806
13.000190016028505
14.246497793711079
1.8734301727315739
-0.4096468569221301
23.05136186196181
-17.750785742336447
10.31455844299601
1.439755823874485
18.776820972560955
31.88878357533047
-15.550327159287292
-23.403303280223568
23.238848697475426
-12.159294926063204
6.907320562041427
6.0233055069594315
14.619754571203785
-22.96968848662533
26.486267387392374
-12.29947464549096
14.611462448597095
30.88826922101223
9.090538512749156
-29.516982773297002
-0.25977658157452055
1.6999111934731772
28.670844678205157
29.033228671261817
20.659649375612446
-13.465307854817958
-28.763108949953704
12.602203231736375
-4.992235450235562
-16.695387613411256
30.567491602947413
-15.51279154774965
25.986296119236194
20.562946325727992
-22.19204956307933
15.058767190246954
31.382892992231653
-6.282910520731818
24.706664285951263
-16.68785620498769
10.319479767193371
-30.60814716282357
27.805408466934615
-28.039086626572242
19.57244450003649
2.742044240575197
30.460237319154665
29.152635117952606
5.872880472420164
13.575654495063056
31.13247232968274
19.949255290097398
13.157558305788328
-5.788522944755968
-16.048272607717124
-13.222716700247695
-5.696145236035541
-8.94250291284014
29.1154092079736
-31.884661307721686
-14.555671811795463
24.958868516585035
-23.74833014870667
4.749148896575896
-12.480847328704243
24.426813523186603
27.43524352946597
12.986557870315366
-15.712896334267704
28.922269669233856
-19.891861601253694
-3.7123603837435937
12.578308751194228
-31.569386396157725
-2.2803803830222336
-11.172507921748455
9.134453881488291
16.626293708208728
13.462444164549574
16.57178577534488
-7.05532845872068
-0.01131479056645901
-19.955187797473762
23.507642438554328
-5.452223534238932
-7.70697970102912
-24.000034263070468
-1.2650647710968315
-17.665899901163684
16.962695780658073
-21.402097205473723
-17.81442910546005
-19.557425091265237
14.831802940766686
10.986157349331705
14.800848956598706
7.41131742137059
7.929202276005519
-1.250902789351997
25.059456368701873
-10.697616608181214
12.957975755994667
20.63769491933477
3.8112016152621635
7.583911737412343
-12.793428647062726
13.784216094038122
13.434041561898226
-21.384644542315115
4.690483029639999
-12.721203831973668
-26.60550839351258
-7.8559973562801915
25.385794592287084
-14.452667705105334
-5.645999666443572
-3.2165021484181224
-20.52160406657014
16.532678807459135
-30.973644090471254
-24.992442167805137
25.615227692761692
15.243562616404645
-21.946291842244158
-17.245421211367216
-2.7936483203186526
-5.201806498527027
17.23129089021446
31.30136927642723
-0.11078395636297245
12.652023569821061
-9.526591121114542
9.626667660989682
-13.671111400598683
-14.738403935661843
8.975780535015161
4.047684634761708
15.5906437087609
15.998940994713834
-8.908198253429859
-3.524647871148659
19.3836871172404
6.693485588925576
17.502828075776925
5.196492726224257
22.53737538251511
6.740907453545027
30.325026217936305
-23.34639465515466
4.133731602693366
31.280899194902823
24.857899606814946
-8.744527335521134
-21.217384523755456
-0.49169365633042617
12.742051817610069
-21.18569699742462
-15.411646044079205
29.744558140571854
31.356265646297814
-26.23241213682379
5.4191639093866755
-12.541109562971329
-15.653516554717505
0.9054044436681536
22.15320871669681
-28.00872732185185
2.2417583035237243
8.886344511446481
-3.3624124813999146
-20.708485759686305
22.174762241517108
-2.612212499459744
-12.84086755137401
27.551502780282682
17.786925712484575
22.298707653826177
-16.71171477138595
-3.8299821005518595
-27.53921949213411
7.925735573593251
-8.980070919097237
10.05207877976661
-14.915400037192377
-10.254337474718312
4.197474958003966
-23.192720315859795
3.616896990852055
-4.1999090612476095
29.26904588068519
5.974069990313822
13.780868294702458
-14.609550915267924
-16.512923887920103
2.9594161797043625
12.281362919654129
4.294052280059404
-18.27483590461845
-16.054180821361008
13.999447099702358
10.284434986387396
0.14849894679277043
-6.419866606372963
-31.317848694067415
-24.698364311556446
-19.96330769705743
-27.178876196831126
-29.29253100217442
-22.81934268350924
8.120344696586393
15.885248435233109
-24.432803442226387
-1.5912090503411491
16.855168866482686
-19.20741667988412
-3.227324619611622
-12.054984022244717
1.1200081997762226
9.577361610907595
-17.04896546799465
-17.302824326788723
-9.112433223467988
-4.209908911934022
-13.0379986759256
31.81512473038918
-31.520810701431003
-23.519326679140107
12.927851507372644
-0.47942234524767713
-9.922488431223208
-24.585500768284035
-8.868407527628968
-23.24318435339667
28.23330999251283
-24.164025285887796
-27.199055876245247
0.5040066204118574
-8.834605366664654
6.656418306611521
8.858204073516127
-25.831698443016954
-12.285164483739784
-14.49421306262392
6.778575404891136
-0.9845699900795779
25.877403570682013
-0.349806046201266
-28.2379796594458
5.18199558347866
29.90050251931654
25.339652662129197
-15.51375249355101
27.360168701785298
23.99345429445181
23.71302286307771
-8.229126590287805
0.8139880458620539
15.762456810191011
-5.050411419005258
4.545372969037594
29.947958331785635
31.544027939589142
-22.080760733483743
9.575870021952888
0.21117459119505355
28.873293829042368
-25.854303641147744
31.46835891912003
-3.31735319147905
-17.614086988300407
-7.540253798158787
-22.471570477388802
19.24604680041154
4.515004788073298
22.281924040481883
0.1200864742645038
16.82457230108819
9.40686394229968
29.036609892762193
-0.7712820610493551
21.70913387635038
13.541836425717833
0.7619863674255427
9.995814577637717
13.57557465964679
-6.39085164756861
-19.457191824854185
-7.944499672805634
17.349103329480883
-28.75295891216789
22.95544315842421
-8.434529985815217
23.636680252412383
9.322019461705757
-13.722866326879725
-9.112611003689324
7.010518325564
-10.516444877326443
-24.226068668488274
-29.065642875067503
-18.011563455140532
11.79307783901045
-9.055741610345308
-12.734499259798568
23.11924769056197
-17.711438201118796
29.15755305998428
27.07027042953259
-27.856103172810407
9.408554640411452
23.68994563374106
6.2475288189656695
17.765539111642802
31.261973395381972
-30.27857625344224
11.84700791069487
-1.8757261456477181
-5.207511363284667
1.4214297770008955
-12.796794849248855
6.634737701314904
24.94882252787395
10.81236943332884
15.154302979739533
14.407240393328927
13.034815347944594
-11.337057390713
10.801187541932933
-2.964323800835679
-17.52445652178733
-12.774208839870504
13.32414855822342
6.097887335735244
-6.701636047786565
6.196396772522057
22.437332635179892
12.27670419627804
-8.309823970141665
2.8326730142876926
-28.876465367270484
-8.42765735717824
10.054755967561277
-31.26276777793732
10.354395602031133
28.639386948360197
-11.943530762150004
-16.633247185104658
19.56359512912112
27.844038415907256
-7.800786704839581
27.89541569083262
12.703117736380413
-22.800147870120604
0.5518904567466194
18.621856493291233
27.775154468934453
-5.097353951374757
26.294271052966565
12.671590999282174
-16.20526131604373
-21.252199686698056
-29.18045767262958
2.3093688596558977
15.200682528814617
-24.724348027933743
-15.807601503305847
3.7383935514382216
13.79489494103293
-27.94683532169332
-4.176015060439333
-26.174115744066974
-13.647342574425451
13.062607777473914
-26.712477019651807
-2.2430850608270347
4.108941834296957
23.730429536153103
4.260963487587581
22.180993095673962
26.38833578787584
-27.307978017631335
-12.354536408945464
25.978330518118753
28.70867158235933
-0.04939299762401106
4.971048649014875
-27.664757454188937
-24.249077215446064
-22.34908946454349
-29.73673106641681
-4.6193284141775806
3.650443193165742
-15.749133378973468
13.607174268034278
-13.80176645016045
2.1271544451895252
5.43701290368098
-23.292539545902216
8.590773622215877
-8.965286512904527
25.69182537986459
-4.193917088079267
26.53689197057657
11.971285973460304
-17.016346833359982
18.38118769945482
14.84135695062696
-16.343024059904543
-6.387509464463527
-10.886315614370524
-11.956107258722568
19.845484760597373
14.807263928980689
11.67028021228532
28.21327938563892
16.600111418591965
11.232857442934112
5.9143134544884575
11.816223781701972
25.826627044689076
8.127563443248064
19.218213425436993
-10.587057501608015
-3.9818610961227705
-27.645830410278172
-24.386100033760826
3.4939319872529992
15.229504075713905
23.210389925523558
25.579977547544118
27.334852441825497
-4.638628291775078
-10.59317175172525
0.32703237717053923
15.309006099690222
6.896437208882553
5.183194423583764
-22.49514321027717
-27.340664436896645
-6.70701507659323
-10.904035808776207
-1.682051622403371
-31.705577921759073
28.3032920505445
1.5731871600089633
3.098103633624625
-0.2645878700930808
27.54698482191219
15.89465840601411
1.4454150247739221
22.903346310769436
-24.268094138809076
1.818136325786675
-27.888463051482027
0.998827921001002
26.97759024307772
3.634829499880645
20.861515389208137
-21.71150775691443
-26.2410859517248
22.99983570451151
7.613029107307163
-13.824763959497474
8.050009531870707
31.445763763393046
11.214356097696623
0.4916367333087166
8.310994244916984
-5.94978898434006
-8.715089567678724
-25.481453650767776
-5.977362155513973
-15.709681541423123
31.604662711154873
3.7932874178334473
-8.463500974740732
30.68010090736488
24.60127567110593
-23.66558181672152
-8.929352578754482
-13.65123762116552
13.546294009873442
17.472512641021915
24.74351530286804
-18.71932180436577
-15.865803485644562
-27.961084816334868
-12.39900674322677
-16.499713369141936
-29.81934023277106
-17.773080010039763
1.6543143103863471
20.047539174206477
-26.761156547132636
5.002320318598819
23.00882250356235
3.152169236081974
24.995039229056964
-3.497199768387084
14.226212563857672
-16.42255957973473
-31.632492842620508
8.428099881446734
4.125286673886151
11.66659264642852
-25.70518317219966
0.9854212632009478
31.288844426391613
27.18769899927696
-17.737462539877015
26.517027420523483
-12.393238334530636
-30.364885538805297
-30.320393877403205
17.499476952208767
24.247833772822794
9.208242646730476
-29.721824659999974
-29.83353646360449
-1.4845181715703362
-2.7491957318880083
18.77330472046308
26.56969788819209
2.1048744299420363
19.496324399532043
2.0812993280796945
-16.54520560345003
7.341565919187737
2.0280302061257913
-13.541966473234993
-8.108383951811511
10.044215953856735
4.423880148602343
20.981080331969586
17.16102156527638
-0.2835364297980263
-6.880100886979179
2.861991159201203
-20.03751675465449
-30.164440826149338
-23.41244163261929
1.1375314866443844
-26.430489709857575
25.067795829691832
18.483363896180045
-15.648781641677019
19.122347283496985
24.30335568011448
9.4913942889007
-15.10102006794726
10.809893134446668
-1.53438684500275
21.14196908783942
-2.2247373023403654
-1.7447109748374459
16.112510439508334
1.452146818887094
10.51842852843464
-29.01786247245905
5.910047751598185
-9.203723643481602
14.216747486377592
-14.599194300948156
11.12049554500544
-23.02271285316077
20.498835840181982
-15.683245427918187
23.31038411827882
-28.968076706986402
-17.505144328459522
18.525361297523126
16.545868084094913
-18.134358393075573
-15.182699004176285
29.620178184101505
23.405528028320717
10.375351043752701
16.672714036249353
-27.295913947782132
4.20319488658415
-11.719291254938227
-22.721855915167247
23.255292381795016
-11.124116974742627
-30.552811080991745
-4.181315790804142
-4.037367036282248
21.05438238228767
-13.953396923881684
23.244910183668914
-23.092881844060997
5.896634213398151
8.463289110261549
2.2715577028363967
-25.970804215208133
-6.673586147794502
4.416678389361948
1.0012595383625822
-27.61634271183771
-11.617555869880512
-28.666580805460278
-31.34033421274554
20.246674975408673
-1.5545091268333593
16.564798821719208
22.990787731679667
-26.298114046665127
7.173537115110598
-5.392382519054898
-8.076115272381152
-29.104992049990663
3.037586484749447
15.04927002582378
11.185727394917912
24.708915022618484
-25.58678631996718
13.520193604830695
-27.405444701463594
-21.826349387945804
1.2453959111997221
-13.50058275094679
12.834572908189273
-11.511700110134697
9.36674983610768
13.381393253118347
5.572301394741601
21.094214575410042
31.61170238073875
-22.22516924322879
2.8386096899794993
-15.198496136695333
11.93172049890702
10.566718486119463
20.662766174584313
10.533268525261988
14.77914244447058
13.847260170764372
-16.992664362759378
9.814527032270973
-5.910286151210791
-20.646098918317215
3.115238634829197
4.695281892074064
10.256383092072042
27.655171957207557
-11.557187893244851
-9.640317760433767
-16.450538062022765
20.857535148980894
28.41520288150567
3.2357378879313714
-29.499301595665045
-21.819047888015987
11.302901958286526
4.98253340707047
-6.168626980628211
-1.6886369001000503
1.580779657461683
20.294397416647996
6.566960423929693
29.00078019862341
-3.8065817780227746
-27.97601500224902
-4.95652675487959
-9.051780205167184
31.213086192477313
0.6887184956272705
19.573029600273884
-28.442857041593776
13.439187163713314
-23.012463568828025
27.59875226994172
-9.272363896602627
16.550492996497326
-8.482569656166717
0.2315561520152798
-26.59598206056787
28.4840097334327
-4.558321685273199
-22.876084837982937
-29.838911899768817
-14.223212073787451
-26.57572702725679
10.698182948221252
11.674707285129763
-18.3304753067412
23.707461950669085
16.809540401657337
-6.51508063757219
-12.166744767384166
-12.228120023032474
30.986157913923897
-23.9776750507125
12.642996987920938
-18.418791032415413
-12.548356013628378
-4.569101729929031
19.984648925347194
-4.024174625012307
-3.802644378980716
9.282950379846568
-24.356010645186842
-16.657609847805503
-30.565343424897357
19.84445446573247
-22.6109180102686
11.248829839673412
-17.180302526479586
30.11142380514371
31.919952657081765
-10.70334298056769
28.905795093606578
-1.5994488708188257
10.921815083857183
-28.994890501106482
6.340984930114637
21.839811900471
25.520725838857224
-21.89598056610177
16.39084383997391
21.667230070611645
31.502956238020843
-13.825098730307673
-3.5708681648352183
-0.19147960084843163
-27.27806908188103
4.142195259140408
-7.898645354338839
22.76679821956877
-4.820938617233367
19.679123587650565
19.928815546313523
-6.579932355953197
-20.67271699662443
-31.844893248782405
12.18323487782591
-14.115314639680491
-4.7913484806189715
-17.685792074585912
5.92451814787843
11.165510425645742
28.099802180160225
-30.56346510895925
10.156749527635391
15.875942167685245
-28.59837842287866
-29.70291858031834
-28.880013501896926
-27.126466281533553
30.57193628626932
11.798931644317605
11.797935257407815
5.219411731946096
14.962568691964847
0.7203059598940413
31.784091459357768
-6.5678181663574975
-22.515420008767315
27.577384654297028
-22.288588833576142
-5.430461618378224
23.088018289018876
25.167370747216196
16.513100277403367
10.233266918119483
-25.89498506543063
-16.081257537630947
-8.155399162431934
-28.84414394735353
-30.432441939596707
-6.261852031410747
-17.94065420332815
2.589413721685297
26.673745371063
-20.394102854096943
-5.806637654433452
-22.719896676558214
25.638885400463685
13.73450048821239
6.476309815537064
19.373773224399223
-25.769762611689956
0.6672148254052175
-0.05098066869146578
9.161025007379962
-26.653251650614123
23.256040233976613
17.830111421086976
15.13238550331566
-23.932420463043677
-20.978869519298833
-28.663203024424327
-29.6231901936726
-6.34419770362944
15.95605717562588
-15.272606711324428
22.919204880743912
-2.9339685459575264
-17.594101041263578
-3.6043206583127017
24.155189107647963
-0.4326265393067459
13.20758848510092
-21.090369358796067
-7.896224160828339
13.15549119447683
-4.155506659668795
-27.05035051812154
-23.238802550067874
12.490119453718847
19.92965683574716
20.16382867369083
-20.598433453789532
-12.843135459642916
-13.10532454975398
-3.979642136014405
-11.767417930304084
0.11460607358819885
24.3236564907481
13.79963838329089
-10.623033882334184
25.252341730789745
2.9342034518510474
-25.068819009906107
-5.287127932103971
-21.958213655888194
-10.230101505509154
-21.05712479303004
-7.331077578651055
-11.665424150816563
0.731213231684599
30.35269621339765
-21.367893470565946
-22.584617647061442
-4.865683017754357
13.895439412580394
26.189248007405304
24.484776416896672
20.549738992030818
-26.4604448710746
-25.014789323175997
8.80817831188125
-8.264680211526006
-27.188347313713123
-24.456412342922775
-15.170300444387067
-10.959587859012267
26.00877248447535
-2.041961058480368
-23.387776036044635
5.220807780493608
-4.059012549260913
-0.07498065427175504
-10.972447441141867
-12.833708022773138
25.90941251057547
24.151062113146764
26.18292958029466
26.605342759954475
-20.312782814780675
15.730343624040081
6.6327956655447196
-20.586131310573066
15.33368818530247
-7.349272536282548
29.98707980489253
4.717478345274287
-7.266039055698563
-0.851005410600223
-15.410136832508101
0.539218393626669
-1.1805432367145272
-9.801546728555088
7.0047528355413675
-15.692763938326934
12.486639378994383
3.974637464968481
19.105776630226003
20.099314965692287
7.294138051983168
-26.292699530486317
21.635141204503647
2.0637510655355698
-3.9191583170494297
22.8894007404012
22.1516728358476
1.018496988793821
17.710023028934103
-1.6237128640415577
-19.64372170973828
8.793061623509779
-27.7929140414003
28.47078071199099
12.843236870244105
-19.559913533145718
-1.3790031011169148
15.652366138659346
16.388676837460466
-25.993931796418643
-15.998001348168039
-29.828812166121004
3.9500386447396707
17.11317812786359
-16.049335311518817
-14.709945937046122
-7.387129258213548
25.16663200699802
-14.74410778776867
31.52015793615201
5.783779963761425
-6.435435980068441
29.20188869551035
-26.241282092404525
-3.0091398219852294
-22.150152141810217
0.18675566022788814
-4.200776052487441
-18.284557677617748
-18.694162503658646
-15.642275540181295
-8.752474680466307
8.741468017267628
-2.939540148952581
-22.969355629272435
-23.560571260163833
-10.428653163146421
-26.674368721102567
-6.276228274525131
-24.48196328014607
1.5195966444612807
-14.038562020595357
-2.301520536946235
-15.608491412260982
-8.84188493852308
-19.88296868835655
24.96191895509571
26.85446559534924
-26.15060067913152
-13.737287716521308
-14.250744972312006
-19.281273570040852
-19.83345647456091
29.490130154150286
9.565512647807786
-9.638408493054712
-10.938650996110098
-13.47993585653444
-9.070350248633318
30.66236487535099
6.704371683053793
10.419747798171976
17.02591142514764
-6.1396722292440415
2.9832211531475465
-17.405833993164023
-31.469954537444465
-0.57013184612331
12.707970892986516
21.17830702189051
28.94046614994167
-18.36905113301154
-22.365027041843597
-1.480209361799652
-28.193054179001457
-26.04434989204868
-15.517069217954784
-21.996139828867932
-16.68810680497205
12.253963796849156
27.1775426692448
-15.964840279383331
27.721818177360845
-13.115448774357517
-15.376447987535428
8.553274985773278
7.289054947142752
-31.201332377612935
-25.63446140762362
-30.97853327451267
6.246317017549956
3.027955612198255
25.561249941658723
-29.609421255093977
4.599159962364361
-30.39068026070928
15.75384953577585
-24.897456596918516
1.4839391974526066
-7.457437177667032
18.991858643046655
-29.239541664600985
19.921343929512027
31.939009250967672
-14.091842763733922
-31.345315693168764
30.85806413746294
-4.91818647118415
-12.568151163168764
3.896909318541539
2.451690111097257
-11.318854019657977
-25.13065893161403
27.476635419899466
-13.383584645738217
31.169976824395256
-27.84655795322135
-25.882948850268832
-25.090378668841375
-29.551362989137942
13.121817076190034
13.369728395403556
21.901917956894764
-10.951107112605229
-16.25135926923769
-19.049902665643664
30.235725517437203
-10.749303646940582
10.31575156289746
-21.121822553952406
-30.36003011204008
15.247363072387678
-26.427841868370486
-9.448528551208014
-21.7690259530579
-7.982676690543144
-2.0067929860820755
-7.560470545546728
-7.507884634769873
-30.876790710321472
12.313257582574494
17.652091665097295
16.387346741810013
-23.778568056721568
-25.431821768603307
2.1952800484075823
6.126124476243284
-26.37201718593085
-18.053501158146204
-25.707193397897953
-24.84013098228734
31.848644812412864
10.810543554042376
-9.28837619902884
-21.9475187905366
14.544327697337437
23.311382594378458
21.59398654482152
15.930049759346723
-2.035273778473446
10.083914312749343
-15.139615798570695
20.2772757683137
12.446001336252706
-10.429083078937381
-27.18972568744151
-20.08927123687979
-25.86930657385375
5.587399289546312
13.11009298754091
-21.978497978826702
15.630560708415949
11.799071601093623
23.920485035680493
-21.75767052587282
-1.0844356476925938
-27.14872933175664
-9.52278844385716
24.7567688082421
-13.725315120340731
10.947156922606553
-15.9973260966174
29.5305129829215
-24.243224979620507
7.736533462356988
-24.612468723395644
13.807407361716152
12.062175197056746
-25.560909517257578
17.644344453123452
23.075252374202435
-17.58175044464067
8.188410181054678
-21.302287477574957
24.76898594436379
-0.4654005202535032
15.645582453689975
-24.3621649393059
22.041292398507352
28.296117348433945
-2.0062806463219545
-6.873009814435029
14.99324400368603
-30.585403650753094
18.487230929082585
-25.78916525606501
-23.179963075954937
3.8221045979596227
6.792172548189214
31.349026946472655
22.38941450824428
-21.848170623512466
29.41650394475137
-28.957920232661557
-17.16717133707202
6.214566661266453
-27.40843006538909
-23.00606699550655
13.791961545290732
-14.058392335925312
15.028652717130534
6.312187405760689
-6.974364504455643
25.827178431854648
21.036904246853133
28.810433064786878
25.14472807232832
7.466160156826582
-12.448493532727603
-22.960336427471226
23.30515223318435
-22.65470648075236
19.683368929623043
-25.761807866121913
-24.248518675748635
1.6085578877515303
-19.53580042734881
4.952050683746883
-14.833697898079734
-11.920056807136056
9.523281754322376
24.64030237764414
26.842870319017372
-3.6106994604293234
12.494778076852889
-21.857759456841663
23.761143449994655
-24.390500304549704
-3.983103674391643
8.445916367816572
2.7097834403381142
1.3755600984474157
2.2467348688187343
-1.240056108262813
15.659183604691435
-4.981000793866791
29.877145664286274
6.453049474798625
-7.3468780291478595
-20.186927292344528
-4.295561795285373
28.9883094582762
-31.45089604956771
-28.012884796806837
-12.141740706205582
25.54152671929853
-20.0000248299191
-23.269303229782814
-3.132532878692892
-12.444291526159986
9.131886233144456
13.970784659175997
15.798325195667552
-28.95390935830607
8.436192266632844
3.267619348338073
-12.236135332877573
29.032666519095784
5.4553436858050475
11.73750499816365
-11.834280535409526
-21.960330179675992
-20.09462250988377
-2.526775382865331
-27.9077208919119
-13.836037994749844
-26.059938237839972
11.495269438706373
2.359470736893414
25.776791695860524
-13.675717945447275
5.82960975834191
20.743025491605543
-20.514135902301135
5.346749689337024
-26.129827519483875
-25.986482014112312
15.547170327369486
-18.63539937789647
-22.253227934922656
-6.55194939964354
-9.521449159210043
-4.0650176460192355
-16.018336827996514
-0.44512417103127433
-27.81057444250324
-17.448821893010447
-10.719563092277824
-29.19019826829809
-13.496342118539609
-1.9366285972340407
8.865460273783086
-31.734291621607923
-18.485014329938558
25.926620520139913
0.32255080883365395
14.95899806960302
25.777003795355938
-27.518881154127527
-21.505882077515487
-5.900690908651065
3.8921209575842326
7.532317144961688
-6.485571172527678
5.091320820548539
-21.373538990156867
-19.439003664187766
22.64525447948209
-10.500017593961978
-23.75984400949978
9.955858684859187
15.132554274814837
-9.86700916032288
-10.715014574240655
14.723718192144567
7.86742983102053
-16.523159645013386
-9.316181980836234
0.19487250117330746
-25.802956673543378
-19.21472194802815
2.468801865702119
25.303727025774215
30.793689069558503
-13.818502932285746
-29.882239759511307
-22.912742802016602
-31.94724413602529
-24.80211292397999
22.99074843712343
14.106382444715393
20.052745901878218
10.23967196980621
4.931223559214644
-1.4421713874637732
-1.3269258289391601
4.52127336879574
-23.341228307178696
16.906559774087007
7.027847078803816
-20.91329585918637
-28.857131576914526
-17.068637194395457
7.936322710563516
0.5878548029564499
-23.290412401976596
5.138648795385258
17.713262105009925
-27.443035680647597
10.195757051230991
26.562060031468853
24.12485871398092
7.972131510277933
24.027482543680193
9.027964683007568
25.918462888784063
-4.02282106125331
10.662494270017149
12.0294004998729
-28.103189852396696
-1.3202910565400927
-22.601709127165584
12.413563527259804
-23.930070516007483
11.013662695169387
24.110515381887794
-14.849588381887862
-6.01952685612801
-28.284765394258777
6.048513146104057
17.51246079354309
27.860631802161343
22.523447805581796
-20.622452121887783
-20.94164861895611
-27.15863308017419
11.779232433301758
24.719596831193783
-10.12473629639858
-25.002843651313775
31.659329822445564
19.507212055940727
27.597773714579553
28.571941581901378
-2.6561494749009498
19.527370822190008
-14.216801754448454
6.294501635039055
1.4788148246490067
-14.405210264731565
-25.713967584302196
9.253943991515548
8.357508589302434
-11.143357401048867
12.336553719505204
1.3685137051706704
-2.693029791353972
-20.206858129064287
-20.908839592527357
-25.956562432466413
3.8284565094382828
31.540938465093745
18.484529817039636
9.17598876583795
-23.89680892103219
-12.27121434088383
17.27617666062065
-26.77151260106556
-20.46275767966184
-21.422580006418755
-16.753516131042915
29.652433909377898
-4.918140810263907
12.578128623221268
8.559789448150866
5.509486039778835
-23.87192618271461
28.62693184604624
19.37459616135314
-13.302527612501315
25.836924079312958
13.053855495820564
-9.15649320021091
24.752149956440753
27.8291002218442
23.549228876805195
-21.292070503237532
28.75791732637419
-15.779627617538495
-22.448522697064455
24.755157631872436
12.463165337068126
30.05159097520962
8.223345793928331
-18.53210053010966
29.258497957426044
26.224623068383863
-29.29397059269995
-20.741185130937573
20.2384917755612
-31.881972884692452
-1.0968708450690414
-20.254837370886214
-8.869764925638123
24.118812204825147
4.608931254805441
4.58112451040968
-25.56568267801366
5.369093275737967
-27.64208166553015
1.4278841569876093
3.6864855536405656
-30.91100978534198
-13.065000174067812
18.704042923373123
11.310679610596637
8.899580517581818
16.048393811099558
-15.178557691159376
16.096631191261068
-9.367765197379583
14.229622383828648
5.673982980466604
14.897739404819895
27.17319041635036
19.587572257914807
-13.790486400277388
27.70743026253416
-21.04535136397763
14.606078136652954
-4.0226415524673484
-10.165301140961134
-14.233745093367972
31.736962492599396
22.606582150509688
31.462025654382877
28.62328358090427
0.10302441941907858
23.23254392761676
-26.568602910271437
19.490347524763607
-8.812122492665928
-20.04815468317912
22.666604611810136
-6.278037038351812
28.952138443474517
-16.5517664294412
-0.7974546849652953
-4.856185619641614
-12.622103869914028
-31.005468168164256
17.35471873003133
-19.23898925623915
18.005907807504144
-20.90179034660794
0.12462509545198941
-4.857792350424589
-16.407504236224277
-8.879381585056734
-23.500739335578196
-26.409118480823842
9.57558418320847
18.262519977292605
3.8654381607300223
28.277617972872974
-1.3981745638502403
-31.62904226054826
-3.677907638500578
0.5697102073763247
-23.07070996830918
3.085054682171638
28.236324203108218
1.8569252665916665
31.082642991039897
-8.099181506758079
-11.048663934955933
30.234751986658637
-3.2997124815072283
-2.2024657007430406
-2.882983474641712
-18.53105235819053
-12.924590027467488
19.130816570154856
13.676315748016812
13.727741382427276
-31.54460766924484
14.559903934290475
13.103172427733455
12.630495065211043
14.726536084639974
-6.160730879588144
3.0501568865206607
-3.7758470522337717
-2.3264455609528767
-20.632869380263948
-4.873452254534087
10.561335588805996
2.5657882356687693
-28.554062376745087
12.090045101068732
-20.383635670219704
14.384589937852027
-19.727591257795034
9.297827148542211
-15.661929230342032
21.568846036296485
-24.262802091011984
22.82513775312421
2.7007275219810367
31.71806836427797
20.176777736050546
13.222124914928045
-18.323101934281667
-12.744973133215922
-30.717401951601175
16.44212949901518
25.118556248761976
-31.3876360523234
-15.56487118405294
-9.962878464231963
-11.404694056846324
-29.929846677570715
15.792827254789437
17.278485439512075
-14.698995712175275
24.933850871043028
-26.47135929780878
-7.576124817573209
-29.797346744782885
-25.695415277823734
24.669101062451325
20.913314733778556
-29.33214540247082
-10.743738989539153
15.053603468566479
16.840273870734023
-1.1303275708303957
5.796403132462281
19.99393871993447
-9.39409071676181
6.330226956793453
-28.449793355188582
-22.723341454420392
28.227160199742862
-15.97313910409548
-15.330245866455833
-27.786643341404968
-5.668059141934499
8.547172962940778
13.032839395132825
10.506438327604748
23.437091162503748
5.841794099898621
-28.641648622965285
-25.23953887267114
-5.332688768897135
17.186188506465363
9.427685555983246
2.5316195884668744
-26.36422126555918
31.025339306094665
-25.835879156803344
27.87045574774362
-28.23034606287945
5.437633072112341
-8.115376167014844
6.3753774918599575
13.926165630601403
-18.98322745307668
30.60102388746528
-12.162952442486102
-12.292499181129507
-10.966949777543022
-6.189971040395164
30.61624438755139
-15.554827122540487
-13.202195847886458
-9.225985519250422
-0.03974367108258292
8.387101010596496
21.21739530267869
27.857061989295374
30.52538354478881
3.1830874188216853
-23.414485272338247
-16.956830743854198
21.435646493083645
19.32689359952252
-4.274825263704642
9.32612549084888
-5.729742304834232
-9.224373121647027
-1.345811570040084
-1.7770365904117824
0.4349478331431129
27.52963830528227
28.010484353904488
-9.774527450682143
-29.5652845890344
-12.481362222657296
9.536063044427678
-11.43329134427556
-10.371910477982581
5.702210663020431
24.980955416230955
-3.758034610995047
27.105471853379903
-17.144526609866276
-14.149024391583097
-26.21385320946206
0.39664180143059724
-20.92696494428641
13.485616277525722
-9.127995531029278
20.77500739345816
-22.41299866304837
18.01492165722241
-17.643807349341216
-4.011336348161862
23.057190214833447
-2.1933574121715154
-5.037407126856806
29.31086207069633
-8.94570479721046
-3.922478385080936
-7.645152799396975
-10.135052588005813
20.019169594806293
-11.59496788646912
21.912583071522718
15.241346054260802
-2.4560392410780665
-14.061613817184586
-11.911749780813068
-24.513311261405775
-0.6167169201614087
28.170169922195846
16.78405513893965
-10.392354497732896
-15.833869428294634
-21.807606202432602
8.750905237285288
5.794542823972776
-18.658260827815702
-5.576682373115958
3.573868262649448
-21.367651724355817
18.45510761598053
11.853870581230872
17.37104667501714
-11.370899492497806
-11.589640688688846
-5.0750137629401735
20.895361804940983
7.454360795771855
-26.057327872589973
27.209684424785145
10.291172770622289
-3.657238112027457
9.081963949878954
16.136238232256552
18.320207220884065
11.180240979259466
-14.045960536376334
-29.94876447882563
-28.566268107913288
-16.14697657037614
-30.172590784295082
-6.016119210240312
29.630432396921968
-16.498060003274475
-26.123524897726043
-18.464644533763746
-4.398037541240605
1.3871652290168015
-20.305717208786206
21.379566695420714
-4.76941509867742
-14.869061788537849
-25.849433533197455
11.924116793888452
25.065895521690933
20.16835205122713
-24.24674833217439
-25.257187924261082
29.970058096379546
-29.701201914414938
-27.76584562983978
4.453549328315773
3.6835054479845866
-22.70687330368164
25.642065161569832
-30.222094958182844
28.625578551466816
-18.42588202095849
-14.211086246299118
19.581253298599734
-11.192976043226999
22.050328854901586
-0.5427717412747342
0.7547367946749972
13.293841990376613
-0.754101338177712
15.339595571398085
5.862930870902879
-30.77559657105145
1.9314013244361306
27.24330814661613
13.54352022261925
18.94431194767059
27.523303126889957
6.655923788138985
27.707816030069132
-14.614052877553718
-5.417880870734045
-25.67008286824415
14.65343755373582
-6.617835924060238
-8.198159879181233
-14.892850671336014
-15.73698936252503
12.166080294278572
-4.0542884777228565
22.76634099935208
26.52516921959947
11.871406014329025
-2.7540618486192727
26.239259237441388
-18.323266223289245
-23.589706310602168
26.847396675545042
-16.896174024376343
-28.672649261525848
-29.33187141949592
-21.062066763484076
-1.1751585444662922
-23.009531151093768
-22.48276707925063
16.270322402877362
-31.224472797618972
29.506924556052503
-12.286064160608724
29.843465287313947
-7.364392233720395
15.910023635511159
27.305947557615966
-12.427088736050514
25.324103751928646
-12.656604018128391
2.7395160097512345
20.84327348768054
-8.812428022012199
-29.29450982546897
-14.581706049386163
1.8976172212159383
-29.27302498733011
7.757006412657965
29.0283793042448
23.081405113639832
-10.291115535044469
4.490118237517223
-1.4935044031385303
-30.978923536331834
15.069236348076068
26.62080007897483
29.090740399678182
-13.120174229239488
-17.41967843448058
-3.8719102698512913
-24.54413014436726
27.89568102629451
-8.185772598271832
-15.173389618971783
2.49757306359745
27.46943738642458
28.498434296311302
16.021196836450144
-25.107313805793986
-24.86745791631359
-23.0782438036985
-13.645067963575677
-5.875199194358274
-4.212499958341283
-22.388649410107355
-8.975562544472957
5.227209120076459
11.675873930832516
-31.936021401915006
0.5987303781040794
3.0576649081025806
-27.408530775544286
-3.1227649618972535
-23.259495475180806
-6.518121895360153
-26.081225410549308
24.18893963276546
23.19112398450666
-19.59476772641223
12.139226946331036
-26.10459536017109
-24.55680911501524
-8.845351432551475
-8.48958740477245
-22.318233789511808
25.586996271721965
-7.724932245063904
-26.314272636051932
-8.539898802326377
-18.12030752070079
-2.632505613299209
26.104631667102282
23.373515361738427
-0.3514948685520167
0.1580605849996246
-24.953957499885533
-14.91308066093589
-4.798177517224474
11.550061195951763
-14.70005390249672
-15.35231767599305
-28.515506684411612
6.973409067442276
-29.525176539225598
-24.238110624232213
7.276135843190438
-16.09152286840991
10.020949531929013
0.8943635208784215
2.79382253390515
-10.976242562294715
-20.88784154923534
-17.836780777432267
-6.377054165192213
-12.070679695351103
-26.408864750849112
20.562074481971194
21.96259343440306
10.110491439474607
10.245840600773732
12.605693158550295
13.23426786977057
-4.831259398410744
-1.2528889670544245
-19.942777963098308
-16.83471746090725
-29.9408091826651
27.64004359757221
-23.04227550079851
27.520646895583575
-7.423256806143591
-25.15577084201906
4.741242752630988
-28.280215469147308
-8.094761881612023
-8.819594744649528
14.781059485927145
24.63690696151808
-17.39337769905918
-22.496375405656735
-15.724615463979667
17.946361876970073
-28.010422288014105
30.08550700665168
23.943152826214295
27.436804554729996
-1.6404478900927302
-11.049352855782509
2.563152430859212
-26.219503616035738
-30.78535316829707
-14.065228137917636
5.952179289284828
27.30658185041581
26.0143372244017
21.294710655949096
-17.459589686855445
14.38964991448136
-10.289559399392871
11.762765479428616
-19.735278659217748
30.127430563864422
-1.2076814211558329
-30.999450679466285
-5.936866712168957
-24.956068754950664
-20.839249513069525
25.469895711642167
27.816097698179938
-31.383136974433683
-21.292568054390884
4.800872247673553
1.142823948503242
-26.50933085707505
19.039555794173175
-8.200468962888799
16.023354193802405
19.298988292634917
18.351426891830165
-18.699573169555478
16.779578243283424
-15.9171108823409
-28.992436713114543
15.1315127376823
-18.48908622476236
22.353690394538752
-21.03576288525249
28.521474970316355
-14.357183507388285
13.911703939192066
5.718911272623579
9.342086473057243
-13.191123010708921
-17.405275830625904
-18.96048378888164
9.640666445526023
10.849654334957755
-12.807401311195193
12.288031810811852
6.980220964473631
11.273984561211073
-2.173299483692638
3.715318842353682
-6.83267458452444
21.090951557446836
-3.844366690658987
-3.3333417180591383
10.010358986616517
4.483229123802147
24.830996070740298
-18.80005626491242
11.813138635689143
-25.645002148166377
-7.310457055811042
9.18099726020305
28.371550737695195
-9.649868953984146
-26.769446117381264
-31.517065785531152
18.303250408745818
-17.50113179240231
-5.010247167445243
13.47906002922739
8.603005726726295
-1.7863360148758147
-6.516398001793981
28.581230298534358
4.378769535023302
12.91742557924298
-20.539709565298132
-2.8618602177493955
10.786049964418531
-2.8501610868177707
9.256266539322297
21.570483786580326
9.24067278467141
-8.440015057073587
-11.880390829497308
0.18245321140730653
-15.94751307343519
25.755947977511177
-7.575896203814949
3.6515184489620367
15.685123982928147
-4.455369792224694
-26.239680680419667
9.760936819010887
-21.090638049059827
21.6574583492594
-1.0474687342879534
-23.49803655946149
4.180191799685623
-16.379803333492696
9.112820916062894
